TUNGSTEN
  MCP READ
  s    6
    1          3640.8368000    -0.0351240
    2           121.2545800     0.2016628
    3            26.7617860    -0.5610136
    4             4.9528062     1.0804399
    5             0.9551264    -1.0039041
    6             0.4080150    -0.3089843
  s    6
    1          3640.8368000    -0.0100886
    2           121.2545800     0.0569531
    3            26.7617860    -0.1602766
    4             4.9528062     0.3393107
    5             0.9551264    -0.4908500
    6             0.4080150    -0.2076210
  s    1
    1             0.0980033     1.0000000
  s    1
    1             0.0371872     1.0000000
  p    6
    1          1482.6729000    -0.0105798
    2           305.1466700    -0.0532068
    3            36.8559780     0.2238082
    4             6.4602739    -0.5274349
    5             1.0099155     0.7999809
    6             0.3695267     0.3221521
  p    4
    1             6.4320080    -0.0092080
    2             0.9426640     0.1567920
    3             0.1512680    -0.7549470
    4             0.0624490    -0.3378210
  d    3
    1           269.8134800     0.0073532
    2            70.9226340     0.0590718
    3             7.9146910    -0.2213994
  d    1
    1             0.9458180     1.0000000
  d    1
    1             0.3344778     1.0000000
  d    1
    1             0.1112128     1.0000000
  f    5
    1            81.0889100    -0.0167540
    2            21.8382600    -0.0895750
    3             6.8092780    -0.1539320
    4             0.6575930     0.5256450
    5             0.2183200     0.6017450

