$MCP 
  MCP for W
  W
  6  4 14  3 10  2  7  1  5
     14.00(5F14.7)
     1.7084485     1.4967965     0.5171618   442.7694500     4.0857614
     0.2054194
   586.1858100    15.4020470     3.8158158  6368.7891000    13.7389240
     1.9630594
  0  0  0  1  1  1
  5154.0610000   900.1607800   211.7691400    46.0400320
335037.8300000 27179.2670000  4418.7733000  1009.0888000  1873.7607000
   189.0530400    82.5982720   149.8880800    25.4599450    10.6393660
     5.9445001     2.5262315     0.9589515     0.3757885
     0.0185049     0.1091685     0.4043247     0.5950894    -0.0050773
     0.0403966     0.0403628     0.0102794    -0.0353860    -0.0088374
     0.0000000     0.0000000     0.0000000     0.0000000
     0.0074587     0.0440022     0.1629698     0.2398607     0.0697708
    -0.5551188    -0.5546547     0.0086276    -0.0296998    -0.0074173
     0.0070034     0.0017989     0.0000000     0.0000000
     0.0035696     0.0210584     0.0779935     0.1147917     0.0396159
    -0.3151965    -0.3149330    -0.3061564     1.0539192     0.2632091
    -0.0102061    -0.0026215     0.0020471     0.0005005
     0.0018825     0.0111057     0.0411317     0.0605381     0.0117151
    -0.0932092    -0.0931313    -0.3246651     1.1176339     0.2791214
    -1.2436980    -0.3194478     0.0011888     0.0002906
   789.2865600   178.2132600    34.7949360
  5986.2300000  1191.9316000   350.5573300   121.2667300    53.9053970
    21.3290010     9.3404322     3.7674822     1.2995689     0.4528397
     0.0226117     0.1552271     0.4719701     0.4797224     0.0318772
     0.0394294    -0.0112405    -0.0098324     0.0000000     0.0000000
     0.0125682     0.0862794     0.2623337     0.2666427    -0.5180864
    -0.6408282    -0.0294945    -0.0257996     0.0061783     0.0046134
     0.0062320     0.0427820     0.1300794     0.1322160    -0.3876734
    -0.4795187     0.6851785     0.5993444     0.0134025     0.0100078
   138.4593000    20.0776780
   573.0870100   157.5417300    55.7867550    21.3666590    17.8820180
     6.9876290     2.6259202
     0.0390289     0.2379940     0.5406063     0.3670492     0.0085498
     0.0184719     0.0090526
     0.0197631     0.1205135     0.2737478     0.1858634    -0.3030884
    -0.6548266    -0.3209124
     3.6580732
    86.1065000    26.2401590     9.4869057     3.4227454     1.1101465
     0.0498832     0.2399711     0.4592960     0.4368574     0.1875478
$END 
